0.010149
0.009678
0.009067
0.012118
0.009373
0.008911
0.009259
0.009123
0.008410
0.022226
0.009419
0.009424
0.008346
0.008513
0.009195
0.008879
0.008112
0.007927
0.007843
0.007372
0.007413
0.009942
0.008247
0.008187
0.008233
0.010091
0.008188
0.011588
0.007815
0.007503
0.007310
0.007448
0.006746
0.007043
0.008806
0.007526
0.007351
0.007087
0.007911
0.007180
0.011246
0.007665
0.007019
0.007062
0.007441
0.006979
0.007016
0.011104
0.007673
0.007723
0.007439
0.007596
0.006840
0.006761
0.006741
0.007902
0.006665
0.006863
0.007972
0.006910
0.007076
0.006989
0.008180
0.007518
0.007059
0.007163
0.006337
0.006531
0.008992
0.007058
0.006975
0.006666
0.007370
0.007466
0.007851
0.010470
0.007202
0.007326
0.013649
0.012995
0.008999
0.006895
0.007471
0.006492
0.006896
0.006818
0.005851
0.006322
0.007076
0.006553
0.006588
0.006356
0.007151
0.006828
0.007008
0.009392
0.009616
0.007484
0.006509
0.007081
