200 0.010149
200 0.009678
200 0.009067
200 0.012118
200 0.009373
200 0.008911
200 0.009259
200 0.009123
200 0.008410
200 0.022226
200 0.009419
200 0.009424
200 0.008346
200 0.008513
200 0.009195
200 0.008879
200 0.008112
200 0.007927
200 0.007843
200 0.007372
200 0.007413
200 0.009942
200 0.008247
200 0.008187
200 0.008233
200 0.010091
200 0.008188
200 0.011588
200 0.007815
200 0.007503
200 0.007310
200 0.007448
200 0.006746
200 0.007043
200 0.008806
200 0.007526
200 0.007351
200 0.007087
200 0.007911
200 0.007180
200 0.011246
200 0.007665
200 0.007019
200 0.007062
200 0.007441
200 0.006979
200 0.007016
200 0.011104
200 0.007673
200 0.007723
200 0.007439
200 0.007596
200 0.006840
200 0.006761
200 0.006741
200 0.007902
200 0.006665
200 0.006863
200 0.007972
200 0.006910
200 0.007076
200 0.006989
200 0.008180
200 0.007518
200 0.007059
200 0.007163
200 0.006337
200 0.006531
200 0.008992
200 0.007058
200 0.006975
200 0.006666
200 0.007370
200 0.007466
200 0.007851
200 0.010470
200 0.007202
200 0.007326
200 0.013649
200 0.012995
200 0.008999
200 0.006895
200 0.007471
200 0.006492
200 0.006896
200 0.006818
200 0.005851
200 0.006322
200 0.007076
200 0.006553
200 0.006588
200 0.006356
200 0.007151
200 0.006828
200 0.007008
200 0.009392
200 0.009616
200 0.007484
200 0.006509
200 0.007081
