0.003343
0.002744
0.002635
0.002505
0.002755
0.002440
0.002321
0.002843
0.002574
0.002365
0.002528
0.002686
0.002649
0.003507
0.002850
0.002422
0.002306
0.002487
0.002229
0.002242
0.002654
0.002494
0.002686
0.003004
0.002808
0.003628
0.002426
0.002721
0.002742
0.002960
0.003085
0.002572
0.002329
0.002562
0.002262
0.002283
0.002575
0.003704
0.002439
0.003151
0.002624
0.002982
0.002690
0.002399
0.002722
0.002624
0.002296
0.004248
0.003709
0.002594
0.002355
0.002471
0.003311
0.003207
0.003061
0.003308
0.002419
0.002239
0.002075
0.002102
0.002063
0.002021
0.002421
0.002412
0.002085
0.002327
0.002294
0.002353
0.002445
0.002151
0.002283
0.002190
0.002293
0.002556
0.003122
0.002441
0.002338
0.002455
0.002469
0.002042
0.002375
0.002066
0.002337
0.002320
0.002033
0.002376
0.001911
0.002363
0.003379
0.002681
0.002359
0.002416
0.002186
0.002369
0.002261
0.002266
0.003211
0.003085
0.002510
0.002593
