201 0.003343
201 0.002744
201 0.002635
201 0.002505
201 0.002755
201 0.002440
201 0.002321
201 0.002843
201 0.002574
201 0.002365
201 0.002528
201 0.002686
201 0.002649
201 0.003507
201 0.002850
201 0.002422
201 0.002306
201 0.002487
201 0.002229
201 0.002242
201 0.002654
201 0.002494
201 0.002686
201 0.003004
201 0.002808
201 0.003628
201 0.002426
201 0.002721
201 0.002742
201 0.002960
201 0.003085
201 0.002572
201 0.002329
201 0.002562
201 0.002262
201 0.002283
201 0.002575
201 0.003704
201 0.002439
201 0.003151
201 0.002624
201 0.002982
201 0.002690
201 0.002399
201 0.002722
201 0.002624
201 0.002296
201 0.004248
201 0.003709
201 0.002594
201 0.002355
201 0.002471
201 0.003311
201 0.003207
201 0.003061
201 0.003308
201 0.002419
201 0.002239
201 0.002075
201 0.002102
201 0.002063
201 0.002021
201 0.002421
201 0.002412
201 0.002085
201 0.002327
201 0.002294
201 0.002353
201 0.002445
201 0.002151
201 0.002283
201 0.002190
201 0.002293
201 0.002556
201 0.003122
201 0.002441
201 0.002338
201 0.002455
201 0.002469
201 0.002042
201 0.002375
201 0.002066
201 0.002337
201 0.002320
201 0.002033
201 0.002376
201 0.001911
201 0.002363
201 0.003379
201 0.002681
201 0.002359
201 0.002416
201 0.002186
201 0.002369
201 0.002261
201 0.002266
201 0.003211
201 0.003085
201 0.002510
201 0.002593
